559598,2,7626,5000,65,65,FreVIPClaim
431233,2,8670,1002,431,359,SuperDropNPC
2000555,2,2098,5000,045,065,HalloweenQuest
147147,2,3686,1036,197,200,MiraculosQuest
16851,2,4276,1764,083,059,ClassPK
15975,2,4276,1002,456,396,LetterQuest
15955,2,4276,1036,206,213,TotoiseQuest
122,2,7506,5000,51,55
118,2,2380,5000,077,055
15581,2,8670,1002,421,395,OnlinePoints
110,2,1218,5000,078,058
201,2,8670,500,064,055, PoleDomination
15805,2,1540,1036,259,239,SexChangef
13332423,2,4276,1036,178,187,Bank
6135,2,1776,1000,471,643,FrozenGrotto
6144,2,1777,1762,365,617,FrozenGrotto
909900,2,86,1002,350,340,Basilisk,0
909901,2,86,1363,138,209,Basilisk,0
15538,2,86,1002,421,360,CleanWater
15539,2,86,1212,397,406,Teleporter
81702,2,1176,1000,312,8
81700,2,1176,1020,525,893
81703,2,1176,1011,934,562
4293,2,1176,1002,47,396
1882,2,9446,1770,44,44
1883,2,9446,1771,44,37
1884,2,9446,1772,51,43
1885,2,9446,1773,51,45
1886,2,9446,1774,41,34
1887,2,9446,1775,46,40
1888,2,9446,1777,51,50
103011,2,7190,2090,56,23
4026312,2,317,2057,482,367
168052,2,317,2068,46,45
8616,2,11280,6072,63,33
81701,2,2910,5000,060,060,CouplesPKEvent
1153,2,6520,1351,489,372
1154,2,6520,1352,670,465
1155,2,6520,1353,790,545
1156,2,6520,1354,7,292
50,16,1086,1036,118,217
51,16,1086,1036,118,213
52,16,1086,1036,118,209
53,16,1086,1036,118,205
54,16,1086,1036,118,201
55,16,1086,1036,118,197
56,16,1086,1036,118,193
57,16,1086,1036,118,189
58,16,1086,1036,118,185
59,16,1086,1036,118,181
60,16,1086,1036,118,177
61,16,1086,1036,118,173
62,16,1086,1036,125,217
63,16,1086,1036,125,213
64,16,1086,1036,125,209
65,16,1086,1036,125,205
66,16,1086,1036,125,201
67,16,1086,1036,125,197
68,16,1086,1036,125,193
69,16,1086,1036,125,189
70,16,1086,1036,125,185
71,16,1086,1036,125,181
72,16,1086,1036,125,177
73,16,1086,1036,125,173
74,16,1086,1036,150,217
75,16,1086,1036,150,213
76,16,1086,1036,150,209
77,16,1086,1036,150,205
78,16,1086,1036,150,201
79,16,1086,1036,150,197
80,16,1086,1036,150,193
81,16,1086,1036,150,189
82,16,1086,1036,150,185
83,16,1086,1036,150,181
84,16,1086,1036,150,177
85,16,1086,1036,150,173
86,16,1086,1036,157,217
87,16,1086,1036,157,213
88,16,1086,1036,157,209
89,16,1086,1036,157,205
90,16,1086,1036,157,201
91,16,1086,1036,157,197
92,16,1086,1036,157,193
93,16,1086,1036,157,189
94,16,1086,1036,157,185
95,16,1086,1036,157,181
96,16,1086,1036,157,177
97,16,1086,1036,157,173
98,16,1086,1036,178,268
99,16,1086,1036,178,263
100,16,1086,1036,178,258
101,16,1086,1036,178,253
102,16,1086,1036,178,248
103,16,1086,1036,178,243
104,16,1086,1036,185,268
105,16,1086,1036,185,263
106,16,1086,1036,185,258
107,16,1086,1036,185,253
108,16,1086,1036,185,248
109,16,1086,1036,185,243
110,16,1086,1036,210,268
111,16,1086,1036,210,263
112,16,1086,1036,210,258
113,16,1086,1036,210,253
114,16,1086,1036,210,248
115,16,1086,1036,210,243
116,16,1086,1036,217,268
117,16,1086,1036,217,263
118,16,1086,1036,217,258
119,16,1086,1036,217,253
120,16,1086,1036,217,248
121,16,1086,1036,217,243
122,16,1086,1036,269,174
150,16,1086,1036,166,152
151,16,1086,1036,166,147
152,16,1086,1036,166,142
153,16,1086,1036,166,137
154,16,1086,1036,166,132
155,16,1086,1036,166,127
156,16,1086,1036,173,152
157,16,1086,1036,173,147
158,16,1086,1036,173,142
159,16,1086,1036,173,137
160,16,1086,1036,173,132
161,16,1086,1036,173,127
162,16,1086,1036,198,152
163,16,1086,1036,198,147
164,16,1086,1036,198,142
165,16,1086,1036,198,137
166,16,1086,1036,198,132
167,16,1086,1036,198,127
168,16,1086,1036,205,152
169,16,1086,1036,205,147
170,16,1086,1036,205,142
171,16,1086,1036,205,137
172,16,1086,1036,205,132
173,16,1086,1036,205,127
174,16,1086,1036,230,217
175,16,1086,1036,230,213
176,16,1086,1036,230,209
177,16,1086,1036,230,205
178,16,1086,1036,230,201
179,16,1086,1036,230,197
180,16,1086,1036,230,193
181,16,1086,1036,230,189
182,16,1086,1036,230,185
183,16,1086,1036,230,181
184,16,1086,1036,230,177
185,16,1086,1036,230,173
186,16,1086,1036,269,218
187,16,1086,1036,269,214
188,16,1086,1036,269,210
189,16,1086,1036,269,206
190,16,1086,1036,269,202
191,16,1086,1036,269,198
192,16,1086,1036,269,194
193,16,1086,1036,269,190
194,16,1086,1036,269,186
196,16,1086,1036,269,182
197,16,1086,1036,269,178
198,16,1086,1036,237,217
199,16,1086,1036,237,213
200,16,1086,1036,237,209
201,16,1086,1036,237,205
202,16,1086,1036,237,201
203,16,1086,1036,237,197
204,16,1086,1036,237,193
205,16,1086,1036,237,189
206,16,1086,1036,237,185
207,16,1086,1036,237,181
208,16,1086,1036,237,177
209,16,1086,1036,237,173
210,16,1086,1036,262,218
211,16,1086,1036,262,214
212,16,1086,1036,262,210
213,16,1086,1036,262,206
214,16,1086,1036,262,202
215,16,1086,1036,262,198
216,16,1086,1036,262,194
217,16,1086,1036,262,190
218,16,1086,1036,262,186
219,16,1086,1036,262,182
220,16,1086,1036,262,178
221,16,1086,1036,262,174
44,3,88,1036,182,180
29680,2,3686,1002,438,377,OrigensCOGuide
45,29,417,1036,217,218,Exit
47,2,1060,1036,185,170,CoinsNPC
35015,2,6690,1036,318,227
9071,2,9506,1036,178,199,UpgradeMaster
9072,2,8360,1036,296,204
141,1,30,1036,198,178
923,2,9230,1036,212,188
300000,2,7626,1036,239,249
390,2,1600,1036,192,193
5004,2,4297,1036,239,239
30156,2,8060,1036,199,87
10065,2,6690,1036,197,212
3381,2,2410,1036,249,239
35016,8,6680,1036,319,222
3825,2,3196,5000,50,50
4450,2,8737,5000,050,055
35,7,350,1011,241,240
1550,2,6680,1036,178,193,SocketNPC
10003,2,150,1002,399,392
101627,2,6420,1020,552,559
10028,3,80,1020,576,542
10029,1,50,1020,560,508
10030,1,30,1020,550,542
10037,2,270,1020,824,601
10038,2,270,1020,491,731
10039,2,270,1020,106,394
10053,29,286,1020,566,622
2003,2,1766,1020,566,620
4352,1,40,1020,557,559
4357,1,10,1020,531,512
10002,2,26,1002,412,376
1,1,10,1002,415,351
4,1,46,1002,412,366
8,3,80,1002,409,351
423,1,2706,1002,412,361,SkillShop
30161,2,8126,1002,409,370
10063,2,6690,1002,424,350,ArmorDye
3,1,30,1002,466,327
101611,2,1056,1002,350,335
15555,2,1746,1002,435,438
10050,27,280,1002,435,440
43,2,394,1002,512,351
7879,2,8500,1002,450,350,FiveNOut
133155,2,8500,1002,458,350,GuildSurvival
5,1,50,1002,452,330
380,2,1156,1002,350,337	
1152,2,6520,1002,393,235
4507,2,260,1002,455,361,iA.OrigensCO
10021,2,260,1002,459,291
10020,5,250,1002,459,331
101611,2,1056,1002,350,335
662,2,1360,1002,428,239,ClassPKWar
3836,2,3016,601,57,54
924,2,9230,700,40,50
925,2,9257,700,57,57
926,2,9277,700,45,57
927,2,9267,700,45,45
928,2,9287,700,57,45
930,2,9307,700,51,51
3952,2,3236,700,34,42
10,1,9896,1000,486,621,BlacksmithMike
101623,2,6400,1000,481,630
30104,2,7310,1000,519,615
10011,3,200,1000,471,629
10015,1,9886,1000,486,623,BlacksmithJoe
10040,2,270,1000,225,205
10041,2,270,1000,793,549
10051,29,280,1000,478,631
9,1,30,1000,511,630
2004,2,1770,1000,476,631
2006,2,1797,1000,80,318
4353,1,9906,1000,493,612,ArmorerSteve
4354,1,9916,1000,493,609,ArmorerKyle
4358,1,9926,1000,467,633,StorekeeperLou
4359,1,9936,1000,467,635,StorekeeperChi
10043,2,270,1001,472,366
4972,2,8336,1004,33,41
400,2,1656,1004,33,53
10000,2,130,1004,56,33
10001,2,166,1004,33,65
10022,2,60,1004,44,33
832662,2,6690,1008,26,16
4026306,2,190,1010,88,42
10017,1,230,1013,46,22
11,1,116,1011,202,242
11,1,116,1011,202,242
421,2,9210,1011,810,458
422,2,9220,1020,568,527
1612,2,6980,1011,907,546
101625,2,6418,1011,206,255
3216,2,1327,1011,154,238
10012,3,210,1011,227,246
10013,1,220,1011,197,226
10014,1,230,1011,189,252
10034,2,270,1011,538,772
10035,2,270,1011,734,452
10036,2,270,1011,67,423
10052,29,287,1011,228,255
8267,2,4357,1011,13,373
7762,2,81,1858,55,60
2002,2,1757,1011,227,257
4356,1,17,1011,168,238
2002,2,1757,1011,227,257
4356,1,16,1011,168,238
101629,2,6437,1015,714,561,BoxerZhao
10023,1,10,1015,721,541
10025,1,50,1015,751,544
10026,1,30,1015,765,542
10027,3,80,1015,716,541
10056,29,280,1015,789,566
2005,2,1780,1015,791,566
7000,2,1137,1038,354,345
101615,2,1487,1038,348,320
101619,2,1477,1038,348,329
101617,2,1467,1038,339,338
101621,2,1457,1038,331,338
101897,2,8160,1038,44,60
4026307,2,310,6001,28,68
42,2,380,6000,35,69
4542,2,8737,5000,56,60
1000,2,3331,6000,31,68
13125,2,9781,2055,539,578
7781,2,8976,6072,33,59
7780,2,8961,6072,55,33
7779,2,8950,6072,47,33
7778,2,8946,6072,33,46
7777,2,8937,6072,33,37
7776,2,8920,6072,39,33
4026316,2,1314,2024,151,284
4026315,2,1314,2022,215,334
4026314,2,1310,2021,263,64
3215,2,1317,1020,532,480
31,2,310,1002,439,359,PKDeathMatch
4026313,2,310,1508,106,140
52007,2,390,5000,033,033,KillTheCaptain
870055,6,240,5000,035,070,LuckGuy
779,2,6920,5000,042,042,LastManStanding
103010,2,7686,1036,239,257,ComposeGems
431232,2,7686,1036,239,255,StoreGems
6100,2,6107,1042,22,22
6200,2,6200,1002,338,724
7660,2,6110,1043,199,150
7661,2,6110,1044,199,150
7662,2,6110,1045,199,150
7663,2,6110,1046,199,150
7664,2,6110,1047,199,150
7665,2,6110,1048,199,150
6120,2,6120,1043,7,65
6121,2,6120,1044,7,65
6122,2,6120,1045,7,65
6123,2,6120,1046,7,65
6124,2,6120,1047,7,65
6125,2,6120,1048,7,65
6126,2,6120,1049,4,65
7666,2,6120,1050,194,148
7666,2,6120,1050,189,158
52002,2,2160,1020,436,311
3601,2,2170,1700,607,637
36532,2,2370,1700,369,309
36532,2,2370,1700,609,633
3653,2,4580,1700,611,638,PackItens2Rbn
3654,2,2350,1700,617,639
3655,2,2200,1700,601,641
3656,2,2210,1700,444,878
3657,2,2220,1700,883,447
3658,2,2230,1700,920,929
3659,2,2240,1700,331,340
3660,2,2250,1700,715,744
2000,2,1646,1036,212,200,DailyQuest
19424,2,8150,1038,81,81
6298,2,6890,1502,157,109
1611,2,6990,1002,396,233
2022,2,8040,1002,373,410
6299,2,7686,1015,715,584
9536,2,7710,1082,191,201
9537,2,7720,1082,181,176
9538,2,7730,1082,206,179
9539,2,7740,1082,243,219
9540,2,7690,1082,229,233
2024,2,7190,1002,402,284
2026,2,7020,1063,89,46
2027,2,7020,1015,681,965
200012,2,9410,1036,189,211
52000,2,5290,1002,434,382,TreasureHunt
7927,2,8350,1002,365,92
770005,2,8090,1036,163,98
770003,2,8086,1036,141,107
2009,2,7097,1012,155,165
2010,2,7107,1040,85,186
2011,2,7019,1040,371,580
2012,2,7019,1040,323,532
2013,2,7019,1040,275,484
2014,2,7019,1040,227,436
2015,2,7019,1040,179,388
2016,2,7007,1040,589,377
2017,2,7027,1040,536,323
2018,2,7037,1040,486,274
2019,2,7047,1040,430,218
2020,2,7057,1040,386,174
2059,2,7007,1040,587,379
2060,2,7007,1040,585,381
2061,2,7007,1040,591,375
2062,2,7007,1040,593,373
2063,2,7027,1040,538,321
2064,2,7027,1040,540,318
2066,2,7027,1040,534,325
2067,2,7027,1040,532,327
2068,2,7037,1040,484,276
2069,2,7037,1040,452,278
2070,2,7037,1040,488,272
2071,2,7037,1040,490,270
2072,2,7047,1040,432,216
2073,2,7047,1040,434,214
2074,2,7047,1040,428,220
2075,2,7047,1040,426,222
2076,2,7057,1040,384,176
2077,2,7057,1040,382,178
2078,2,7057,1040,388,172
2079,2,7057,1040,390,170
20001,2,6010,1015,707,545
20000,2,6000,1011,804,461
20002,2,310,1000,077,326,Joe
18811,2,1170,1077,362,8
4708,2,170,1216,11,478
4709,2,1170,1212,376,30
20711,2,3336,1036,178,182
101903,2,1360,5000,43,43,TwinCityWars
101907,2,1360,1011,209,255,PhoenixCityWars
101915,2,1366,5000,058,068,BirdCityWars
101921,2,1360,5000,066,066,DesertCityWars
4355,1,46,1015,756,562
10054,2,46,1002,061,464,DesertCity
7935,2,40,1036,254,239,NameChanger
1002,2,1816,1002,413,384,Claim
36984,2,40,1036,296,197,ResetAttributes
15565,2,90,1036,180,210,DowngradeItems
556598,2,40,1001,675,340,LevelingMap
4486,2,94,1002,449,396,SoulKeeper
4651,2,26,5000,070,060,TryOnGarments
433,1,26,1036,212,179,CostumerChen
15745,2,8450,5000,50,55,GuardNPC
13654,2,5000,075,075,170,Exchange
44444,3,88,1036,184,180
44555,3,88,1036,186,180
44666,3,88,1036,188,180
44777,3,86,1036,239,261
44888,3,86,1036,239,263
