1,1075,0360,0005,1020,0607,0870
2,1020,0610,0874,1075,0360,0010
3,1020,0926,0557,1011,0453,0819
4,1020,0011,0377,1012,0527,0532
5,1020,0378,0009,1002,0555,0960
6,1005,0051,0073,1002,0459,0294
7,1015,0371,0165,1015,0451,0212
8,1015,0461,0216,1015,0495,0279
9,1015,0668,0908,1015,0564,0800
10,1015,0486,0783,1015,0570,0853
11,1015,0202,0230,1015,0150,0311
12,1015,0537,0690,1015,0759,0513
13,1015,0355,0442,1015,0205,0329
14,1015,0366,0165,1015,0496,0280
15,1015,0760,0511,1015,0532,0691
16,1015,0789,0480,1015,0169,0363
17,1015,1018,0710,1002,0232,0190
18,1015,0496,0287,1015,0609,0390
19,1015,0612,0397,1015,0698,0520
20,1015,0231,0431,1015,0389,0499
21,1015,0437,0658,1015,0345,0597
22,1015,0375,0223,1015,0410,0332
23,1015,0443,0586,1015,0485,0675
24,1015,0588,0602,1015,0584,0674
25,1015,0299,0202,1015,0288,0260
26,1015,0476,0348,1015,0344,0206
27,1015,0340,0558,1015,0511,0533
28,1015,0296,0598,1015,0195,0418
29,1015,0281,0254,1015,0200,0224
30,1015,0588,0602,1015,0584,0674
31,1015,0565,0851,1015,0649,0837
32,1015,0645,0838,1015,0531,0593
33,1015,0588,0680,1015,0742,0843
34,1015,0740,0837,1015,0722,0926
35,1015,0206,0488,1015,0294,0561
36,1015,0588,0680,1015,0742,0843
37,1015,0740,0837,1015,0722,0926
38,1015,0311,0463,1015,0511,0533
39,1015,0154,0307,1015,0200,0224
40,1015,0155,0415,1015,0199,0484
41,1000,0077,0319,1001,0312,0646
42,1000,0164,0471,1077,0755,0872
43,1000,0977,0668,1002,0074,0464
44,1027,0136,0099,1000,0312,0011
45,1026,0136,0099,1020,0528,0890
46,1511,0051,0073,1002,0430,0380
47,1009,0022,0029,1002,0430,0380
48,1001,0313,0652,1000,0085,0323
49,1300,0313,0652,1001,0675,0345
50,1028,0156,0090,1002,0053,0399
51,1101,0191,0163,1002,0430,0380
52,1042,0037,0058,1002,0342,0723
53,1077,0756,0877,1000,0161,0466
54,1076,0003,0361,1011,0851,0482
55,1011,0448,0822,1020,0919,0559
56,1011,0855,0482,1076,0007,0361
57,1011,0379,0023,1013,0054,0081
58,1011,0006,0376,1002,0958,0555
59,1014,0077,0032,1013,0059,0028
60,1014,0137,0090,1016,0050,0082
61,1016,0050,0088,1014,0133,0089
62,1013,0056,0087,1011,0379,0028
63,1013,0057,0021,1014,0081,0041
64,1004,0051,0073,1002,0402,0391
65,1007,0025,0028,1002,0430,0380
66,1008,0022,0029,1002,0430,0380
67,1012,0531,0534,1020,0016,0379
68,1006,0041,0031,1002,0386,0391
69,1002,0555,0964,1020,0379,0014
70,1002,0223,0196,1015,1010,0710
71,1002,0044,0394,1028,0157,0095
72,1002,0963,0557,1011,0011,0376
73,1002,0401,0387,1004,0051,0070
74,1002,0383,0388,1006,0037,0031
75,1025,0027,0065,1011,0930,0563
76,1098,0033,0043,1036,0199,0091
77,1099,0053,0086,1036,0199,0091
78,1100,0191,0163,1002,0430,0380
79,1102,0191,0163,1002,0430,0380
80,1103,0191,0163,1002,0430,0380
81,1104,0191,0163,1002,0430,0380
82,1105,0191,0163,1002,0430,0380
83,1106,0191,0163,1002,0430,0380
84,1107,0191,0163,1002,0430,0380
85,1108,0191,0163,1002,0430,0380
86,1109,0191,0163,1002,0430,0380
87,1204,0003,0160,1216,0949,0479
88,1216,0954,0479,1204,0008,0161
89,1204,1355,1199,1213,0009,0282
90,1213,0004,0281,1204,1350,1199
91,1213,1075,0798,1201,0008,0201
92,1201,0003,0201,1213,1070,0798
93,1201,0594,0397,1202,0009,0302
94,1202,0003,0301,1201,0589,0397
95,1202,0694,0398,1205,0008,0160
96,1205,0003,0160,1202,0689,0398
97,1205,1355,1198,1077,0361,0012
98,1216,0479,0954,1214,0641,0009
99,1214,0640,0003,1216,0478,0950
100,1214,0799,1434,2020,0361,0010
101,2020,0360,0005,1214,0798,1429
102,7020,0360,0005,1214,0797,1428
103,1216,0480,0003,1215,0008,0377
104,1215,0003,0376,1216,0482,0009
105,1215,0938,0567,1207,0957,1209
106,1207,0958,1214,1215,0933,0567
107,1207,0260,0004,1208,0009,0501
108,1208,0003,0500,1207,0261,0010
109,1210,0004,0329,1211,0949,0558
110,1211,0955,0558,1210,0010,0330
111,1211,0003,0400,1212,1003,1278
112,1212,1015,1295,1211,0009,0401
113,7010,1015,1295,1212,0376,0038
114,7000,0313,0652,1001,0674,0344
115,1212,0906,1041,1212,0942,1012
116,1212,0942,1015,1212,0903,1041
117,1212,1025,1038,1212,1087,1124
118,1212,1083,1120,1212,1022,1035
119,1212,0896,0891,1212,0871,0853
120,1212,0872,0847,1212,0900,0826
121,1212,0898,0828,1212,0872,0850
122,1212,0871,0856,1212,0899,0895
123,1212,1049,0838,1212,1138,0895
124,1212,1135,0892,1212,1046,0835
125,1212,0846,0555,1212,0834,0455
126,1212,0837,0458,1212,0846,0558
127,1212,0810,0677,1212,0690,0667
128,1212,0693,0667,1212,0813,0677
129,1212,0710,0377,1212,0674,0418
130,1212,0674,0415,1212,0713,0377
131,1212,0620,0399,1212,0611,0311
132,1212,0861,0846,1212,0808,0823
133,1212,0811,0826,1212,0864,0846
134,1212,0781,0841,1212,0705,0921
135,1212,0708,0921,1212,0781,0838
136,1212,0580,0824,1212,0539,0752
137,1212,0542,0755,1212,0582,0827
138,1212,0476,0688,1212,0369,0651
139,1212,0372,0651,1212,0479,0691
140,1212,0352,0512,1212,0404,0451
141,1212,0404,0454,1212,0349,0512
142,1212,0392,0387,1212,0335,0282
143,1212,0338,0285,1212,0395,0390
144,1212,0310,0171,1212,0378,0153
145,1212,0375,0153,1212,0310,0174
146,1212,0614,0314,1212,0623,0402
147,7010,0906,1041,7010,0942,1012
148,7010,0942,1015,7010,0903,1041
149,7010,1025,1038,7010,1087,1124
150,7010,1083,1120,7010,1022,1035
151,7010,0896,0891,7010,0871,0853
152,7010,0872,0847,7010,0900,0826
153,7010,0898,0828,7010,0872,0850
154,7010,1049,0838,7010,1138,0895
155,7010,1135,0892,7010,1046,0835
156,7010,0846,0555,7010,0834,0455
157,7010,0837,0458,7010,0846,0558
158,7010,0810,0677,7010,0690,0667
159,7010,0693,0667,7010,0813,0677
160,7010,0710,0377,7010,0674,0418
161,7010,0674,0415,7010,0713,0377
162,7010,0620,0399,7010,0611,0311
163,7010,0861,0846,7010,0808,0823
164,7010,0811,0826,7010,0864,0846
165,7010,0781,0841,7010,0705,0921
166,7010,0708,0921,7010,0781,0838
167,7010,0580,0824,7010,0539,0752
168,7010,0542,0755,7010,0582,0827
169,7010,0476,0688,7010,0369,0651
170,7010,0372,0651,7010,0479,0691
171,7010,0352,0512,7010,0404,0451
172,7010,0404,0454,7010,0349,0512
173,7010,0392,0387,7010,0335,0282
174,7010,0338,0285,7010,0395,0390
175,7010,0310,0171,7010,0378,0153
176,7010,0375,0153,7010,0310,0174
177,7010,0614,0314,7010,0623,0402
178,1025,0114,0162,4401,0072,0015
179,4401,0073,0013,1025,0113,0155
180,4401,0114,0162,4402,0072,0015
181,4402,0073,0013,4401,0113,0155
182,4402,0114,0162,4700,0072,0015
183,4402,0168,0111,4600,0015,0077
184,4600,0013,0078,4402,0162,0111
185,4401,0168,0111,4501,0015,0077
186,4501,0013,0078,4401,0162,0111
187,4501,0114,0162,4701,0072,0015
188,4701,0073,0013,4501,0113,0155
189,4402,0168,0111,4601,0015,0077
190,4601,0015,0077,4402,0162,0111
191,1025,0168,0111,4502,0015,0077
192,4502,0013,0078,1025,0162,0111
193,4502,0168,0111,4503,0015,0077
194,4503,0013,0078,4502,0162,0111
195,4503,0168,0111,4602,0015,0077
196,4602,0013,0078,4503,0162,0111
197,4503,0114,0162,4702,0072,0015
198,4702,0073,0013,4503,0113,0155
199,4502,0114,0162,4506,0015,0077
200,4506,0013,0078,4502,0113,0155
201,4506,0168,0111,4603,0015,0077
202,4603,0013,0078,4506,0162,0111
203,4506,0114,0162,4703,0072,0015
204,4703,0073,0013,4506,0113,0155
205,1070,0199,0187,1020,0592,0516
206,1018,0250,0166,1002,0429,0378
207,1029,0027,0065,1210,0716,1036
208,1029,0112,0046,1210,0716,1036
209,8005,0003,0301,8005,0009,0302
210,8005,0694,0398,8005,0689,0398
211,8006,0003,0361,8006,0007,0361
212,1082,0099,0171,1082,0191,0230
213,1082,0272,0176,1082,0191,0230
214,1082,0182,0281,1082,0191,0230
215,1082,0308,0283,1082,0191,0230
216,1082,0170,0099,1082,0191,0230
217,1090,0170,0137,1002,0430,0378
218,1080,0251,0166,1002,0430,0378
219,1762,0060,0250,1000,0471,0643
220,1002,0400,0387,1004,0051,0070
221,1002,0402,0387,1004,0051,0070
222,1002,0403,0387,1004,0051,0070